x_i = 0
x_f = 10
y_0 = 0.355028
y_1 = 0.259225
nmax = 100
h = 0.1
